Fiscal year is January-December. All values USD Millions.,2022,2021,2020,2019,2018,5-year trend,All values USD Millions.,2022,2021,2020,2019,2018,5-year trend
Total Cash & Due from Banks,27,19,32,25,24,,,,,,
,,,,
Cash & Due from Banks Growth,42.41%,-39.56%,28.70%,1.64%,-,,,,,,,,,,,
,,,,
,,,,
Investments - Total,230,431,366,192,200,,,,,,
,,,,
Trading Account Securities,-,0,0,0,0,,,,,,
,,,,
Federal Funds Sold & Securities Purchased,-,50,-,-,-,,,,,,
,,,,
Federal Funds Sold,-,50,-,-,-,,,,,,
,,,,
Securities Bought Under Resale Agreement,-,-,-,-,-,

Treasury Securities,-,-,-,-,-,

Federal Agency Securities,3,-,-,-,-,,,,,,
,,,,
State & Municipal Securities,143,117,108,82,80,,,,,,
,,,,
Mortgage Backed Securities,1,2,2,5,6,,,,,,
,,,,
Other Securities,48,49,53,63,50,,,,,,
,,,,
Other Investments,35,213,202,42,64,,,,,,
,,,,
Investments Growth,-46.53%,17.73%,90.93%,-4.37%,-,,,,,,,,,,,
,,,,
,,,,
Net Loans,"1,624","1,378","1,331","1,344","1,371",,,,,,
,,,,
Gross Loans - Net of Unearned Income,-,-,-,-,-,

Commercial & Industrial Loans,190,163,165,156,189,,,,,,
,,,,
Consumer & Installment Loans,196,149,176,174,158,,,,,,
,,,,
Interbank Loans,-,-,-,-,-,

Real Estate Mortgage Loans,"1,252","1,080","1,002","1,025","1,038",,,,,,
,,,,
Lease Financing Loans,-,-,-,-,-,

Foreign Loans,-,-,-,-,-,

Broker & Financial Institution Loans,-,-,-,-,-,

Unspecified/Other Loans,1,0,1,1,1,,,,,,
,,,,
Unearned Income,-,-,-,-,-,

Loan Loss Allowances (Reserves),(16),(14),(14),(12),(14),,,,,,,,,,,
,,,,
,,,,
Investment in Unconsolidated Subs.,-,-,-,-,-,

Customer Liability on Acceptances,-,-,-,-,-,

Real Estate Other Than Bank Premises,-,-,-,-,-,

Loans - 1 Yr Growth Rate,17.86%,3.57%,-0.98%,-1.99%,-,,,,,,,,,,,
,,,,
,,,,
Total Deposits FOR CALC PURPOSES,"1,556","1,621","1,494","1,324","1,220",,,,,,
,,,,
Loans (Total) / Total Deposits,0.00%,0.00%,0.00%,0.00%,0.00%,-
Loans (Total) / Total Assets,0.00%,0.00%,0.00%,0.00%,0.00%,-
"Net Property, Plant & Equipment",34,37,36,37,28,,,,,,
,,,,
Other Assets (Including Intangibles),59,61,60,60,51,,,,,,
,,,,
Other Assets,42,43,42,42,33,,,,,,
,,,,
Intangible Assets,17,18,18,18,18,,,,,,
,,,,
Deferred Charges,-,-,-,-,-,

Interest Receivables,9,8,8,5,5,,,,,,
,,,,
Total Assets,"2,005","1,946","1,839","1,669","1,686",,,,,,
,,,,
Assets - Total Growth,3.01%,5.81%,10.17%,-0.98%,-,,,,,,,,,,,
,,,,
,,,,
Return On Average Assets,0.88%,-,-,-,-,,,,,,
,,,,

Total Deposits,"1,556","1,621","1,494","1,324","1,220",,,,,,
,,,,
Demand Deposits,"1,162","1,180","1,021",335,321,,,,,,
,,,,
Savings/Time Deposits,394,442,474,-,-,,,,,,
,,,,
Foreign Office Deposits,-,-,-,-,-,

Unspecified Deposits,-,-,-,-,-,

Deposits Growth,-4.00%,8.49%,12.87%,8.53%,-,,,,,,,,,,,
,,,,
,,,,
Total Debt,259,135,162,171,307,,,,,,
,,,,
ST Debt & Current Portion LT Debt,179,29,36,49,200,,,,,,
,,,,
Current Portion of Long Term Debt,25,23,30,44,32,,,,,,
,,,,
Short Term Debt,154,6,6,5,168,,,,,,
,,,,
Long-Term Debt,80,105,126,122,107,,,,,,
,,,,
LT Debt excl. Capitalized Leases,70,95,118,113,106,,,,,,
,,,,
Capitalized Lease Obligations,7,8,5,5,0,,,,,,
,,,,
Provision for Risks & Charges,-,-,-,-,-,

Long Term Debt Growth,-24.15%,-16.55%,3.26%,14.51%,-,,,,,,,,,,,
,,,,
,,,,
Total Assets FOR CALCULATION PURPOSES ONLY,"2,005","1,946","1,839","1,669","1,686",,,,,,
,,,,
Total Debt / Total Assets,12.91%,6.92%,8.80%,10.24%,18.20%,,,,,,
,,,,
Deferred Tax Liabilities,(7),(3),(3),(3),(5),,,,,,,,,,,
,,,,
,,,,
Deferred Taxes - Credit,5,5,4,4,1,,,,,,
,,,,
Deferred Taxes - Debit,11,8,7,7,6,,,,,,
,,,,
Other Liabilities,17,13,14,15,15,,,,,,
,,,,
Deferred Tax Liability-Untaxed Reserves,-,-,-,-,-,

Other Liabilities (excl. Deferred Income),17,13,14,15,15,,,,,,
,,,,
Deferred Income,-,-,-,-,-,

Total Liabilities,"1,837","1,774","1,675","1,514","1,542",,,,,,
,,,,
Total Liabilities Growth,3.56%,5.90%,10.60%,-1.81%,-,,,,,,,,,,,
,,,,
,,,,
Preferred Stock (Carrying Value),-,-,-,-,-,

Redeemable Preferred Stock,-,-,-,-,-,

Non-Redeemable Preferred Stock,-,-,-,-,-,

Preferred Stock issues for ESOP,-,-,-,-,-,

ESOP Guarantees - Preferred Stock,-,-,-,-,-,

Common Equity (Total),168,172,164,155,144,,,,,,
,,,,
Common Stock Par/Carry Value,42,42,42,42,42,,,,,,
,,,,
Additional Paid-In Capital/Capital Surplus,54,54,53,51,51,,,,,,
,,,,
Retained Earnings,98,90,83,77,70,,,,,,
,,,,
ESOP Debt Guarantee,-,-,-,-,-,

Cumulative Translation Adjustment/Unrealized For. Exch. Gain,-,-,-,-,-,

Unrealized Gain/Loss Marketable Securities,(10),2,5,2,(1),,,,,,,,,,,
,,,,
,,,,
Revaluation Reserves,-,-,-,-,-,

Other Appropriated Reserves,(4),(3),(6),(5),(5),,,,,,,,,,,
,,,,
,,,,
Unappropriated Reserves,-,-,-,-,-,

Treasury Stock,(13),(12),(12),(12),(12),,,,,,,,,,,
,,,,
,,,,
Common Equity / Total Assets,0.08%,0.09%,0.09%,0.09%,0.09%,,,,,,
,,,,
Total Shareholders' Equity,168,172,164,155,144,,,,,,
,,,,
Total Shareholders' Equity / Total Assets,8.36%,8.85%,8.93%,9.28%,8.51%,,,,,,
,,,,
Return On Average Total Equity,10.25%,-,-,-,-,,,,,,
,,,,
Accumulated Minority Interest,-,-,0,0,0,,,,,,
,,,,
Total Equity,168,172,164,155,144,,,,,,
,,,,
Liabilities & Shareholders' Equity,"2,005","1,946","1,839","1,669","1,686",,,,,,
,,,,
